8.30353e-12
1.69834e-12
8.85113e-07
7.67293e-11
2.54567e-14
7.46049e-07
1.47286e-12
3.47113e-15
2.35036e-06
1.98486e-15
3.5058e-15
2.7191e-10
3.91439e-16
6.76365e-13
6.12934e-06
3.54631e-15
4.49374e-07
1.48678e-15
7.2777e-07
4.99868e-07
1.46645e-16
4.24325e-06
9.76483e-10
1.29929e-12
2.24581e-16
5.01873e-06
5.00328e-12
1.43025e-14
5.85196e-15
4.49374e-07
2.34059e-10
1.22617e-08
5.66163e-07
1.87098e-05
4.5614e-13
2.37251e-13
2.36484e-11
4.89277e-13
0.000110746
3.88532e-14
9.27602e-07
1.73973e-15
3.60828e-14
3.45061e-15
3.91439e-16
2.25101e-16
2.83032e-12
1.51303e-14
4.11134e-16
1.88215e-05
3.53933e-15
8.50086e-15
2.05536e-15
3.20225e-05
3.63818e-12
3.61785e-15
5.77128e-07
1.4731e-14
1.47014e-11
1.77544e-11
5.49384e-15
7.43225e-13
1.38584e-16
6.77839e-16
2.03815e-15
5.26214e-12
5.51105e-07
3.29912e-12
5.97384e-07
3.73199e-13
1.18836e-12
8.99569e-07
6.10943e-14
2.95472e-05
5.51105e-07
3.51547e-11
1.63125e-08
1.04653e-05
3.15904e-12
6.41289e-07
1.31193e-05
1.32473e-05
5.51105e-07
5.68302e-07
1.33004e-05
5.59377e-07
6.00312e-05
3.49255e-14
4.72293e-09
5.71052e-13
8.85113e-07
9.75369e-11
2.97408e-14
7.46049e-07
3.14268e-08
3.13349e-15
7.99739e-09
2.12857e-14
7.10869e-15
4.0248e-11
4.72751e-15
1.62999e-11
5.79311e-07
4.91026e-16
4.49374e-07
5.3945e-14
7.2777e-07
4.99868e-07
5.86541e-16
4.24472e-06
7.82753e-10
4.10505e-13
2.42105e-15
8.21535e-06
2.35765e-12
4.32148e-15
6.19797e-15
4.49374e-07
3.19067e-13
2.1126e-08
5.66163e-07
2.36866e-05
1.10134e-14
9.43618e-15
2.08002e-08
1.44451e-12
6.16226e-07
2.55068e-15
9.27602e-07
2.34984e-15
9.78735e-15
3.5122e-14
2.79828e-16
2.41113e-15
2.27043e-12
6.14996e-15
1.2269e-15
1.88215e-05
3.54051e-15
3.34282e-15
1.23981e-15
5.19364e-05
8.94027e-13
4.94953e-16
5.77128e-07
2.9253e-14
1.65356e-13
1.35099e-11
1.6062e-13
1.0392e-14
7.26265e-16
3.91428e-16
3.95616e-15
1.60465e-12
5.51105e-07
8.63791e-14
5.97384e-07
1.6999e-11
2.33397e-12
8.99569e-07
9.61678e-14
0.001607
1.34704e-05
2.98512e-13
3.26131e-12
3.27576e-05
3.46328e-11
6.41289e-07
0.000245683
3.96247e-05
1.34704e-05
9.11212e-06
5.09263e-05
5.59377e-07
1.33126e-05
1.77392e-14
2.74218e-12
1.63099e-12
8.85113e-07
1.90448e-10
1.63546e-07
7.46049e-07
2.0665e-10
3.97534e-15
1.43341e-12
1.40073e-15
1.73023e-13
3.61509e-10
3.91439e-16
8.57935e-14
1.80962e-05
2.79829e-16
4.49374e-07
7.5983e-10
7.2777e-07
4.99868e-07
5.606e-16
6.78941e-07
8.7865e-10
2.17282e-13
1.73541e-16
3.19916e-07
1.47814e-05
2.12534e-12
5.867e-09
1.19448e-14
4.49374e-07
5.40587e-13
2.10014e-08
5.66163e-07
3.28695e-05
5.1901e-14
1.19192e-14
4.44737e-09
4.53822e-13
6.16226e-07
8.71582e-10
9.27602e-07
1.27167e-09
1.67031e-14
3.19916e-07
0.0211928
1.12259e-05
1.7331e-16
1.92696e-11
1.75486e-14
1.26916e-15
1.88215e-05
3.91439e-16
3.3149e-15
1.05667e-09
1.31385e-05
1.2959e-10
8.15184e-16
5.77128e-07
0.00845487
2.37584e-13
1.33993e-13
1.65072e-14
1.69271e-11
1.30408e-13
4.09861e-16
9.34705e-15
4.20387e-11
1.34704e-05
7.88754e-15
5.97384e-07
1.08995e-14
7.11665e-13
8.99569e-07
6.2325e-15
2.95472e-05
1.34704e-05
6.67041e-13
1.51273e-11
1.29278e-05
5.29196e-13
6.41289e-07
4.89542e-05
1.94733e-05
1.34704e-05
9.11212e-06
1.56758e-05
5.59377e-07
5.95307e-07
4.34907e-14
1.44951e-10
5.73531e-13
8.85113e-07
3.60091e-11
1.28118e-14
7.46049e-07
1.61658e-09
3.02569e-15
1.34316e-12
8.44076e-14
2.5861e-15
6.38678e-10
4.91078e-16
6.05386e-12
5.79311e-07
3.91439e-16
4.49374e-07
4.39642e-16
7.2777e-07
4.99868e-07
1.37814e-16
3.9655e-06
8.56219e-10
1.4753e-10
3.75161e-16
1.45702e-05
6.35112e-12
6.32033e-15
2.10416e-14
2.71928e-05
1.77242e-09
1.83356e-10
5.66163e-07
7.14461e-05
2.046e-12
8.46e-15
3.06104e-11
4.94418e-13
6.16226e-07
2.4516e-15
9.27602e-07
1.89526e-16
4.17382e-14
3.11088e-15
2.79822e-16
3.74847e-16
1.61394e-09
5.16634e-14
6.72079e-16
0.000331744
3.53933e-15
1.00703e-14
1.40913e-15
5.4634e-05
4.6933e-09
1.64071e-15
5.77128e-07
2.40116e-15
5.35094e-12
9.77875e-12
1.7291e-14
4.81137e-15
1.0365e-15
3.91428e-16
3.8515e-15
8.67032e-12
1.34704e-05
6.10725e-14
5.97384e-07
1.11841e-14
8.09308e-13
8.99569e-07
2.08091e-15
2.95472e-05
5.51105e-07
6.87043e-13
1.52542e-09
2.97934e-05
3.81389e-13
6.41289e-07
1.13837e-05
2.00992e-05
1.34704e-05
9.11212e-06
2.97934e-05
5.59377e-07
5.95307e-07
6.52387e-15
