7.56427e-11
5.84638e-16
8.85113e-07
2.93922e-10
4.55218e-14
7.46049e-07
4.92798e-10
3.01002e-15
7.6863e-13
3.13142e-15
6.88004e-16
1.18057e-11
2.79828e-16
2.20398e-12
5.79311e-07
3.91439e-16
4.49374e-07
5.53544e-14
7.2777e-07
4.99868e-07
2.79096e-16
6.78941e-07
2.66711e-10
8.4083e-10
1.97902e-16
3.73384e-06
9.85885e-13
3.71098e-15
6.02636e-15
4.49374e-07
7.20832e-12
1.26806e-08
5.66163e-07
8.05907e-05
1.95548e-12
2.3242e-13
3.99028e-10
2.46236e-12
6.16226e-07
3.49434e-13
9.27602e-07
1.98901e-16
7.73751e-15
5.20543e-14
3.72699e-14
2.34224e-15
5.75838e-09
9.82157e-15
3.2625e-14
1.88215e-05
3.91439e-16
9.54035e-15
1.01926e-13
3.20225e-05
8.14225e-13
5.80948e-16
5.77128e-07
6.80784e-15
3.54045e-12
7.34746e-13
6.08282e-15
3.72886e-13
1.0365e-15
2.53923e-16
5.43881e-14
4.5975e-12
1.34704e-05
6.10526e-14
5.97384e-07
5.27045e-14
8.17516e-12
8.99569e-07
9.63966e-15
2.95472e-05
1.34704e-05
1.63724e-08
2.96595e-11
1.09509e-05
3.98489e-13
6.41289e-07
1.11184e-05
7.37759e-05
1.34704e-05
8.73865e-06
3.08383e-05
2.38645e-05
1.31766e-05
2.28172e-13
6.53137e-07
3.15482e-05
5.74393e-07
2.29229e-13
2.95215e-10
5.24547e-12
8.97428e-10
2.91537e-14
9.69828e-14
1.28376e-15
2.33423e-14
4.73387e-06
7.95341e-07
5.80031e-13
5.37581e-07
7.20561e-09
6.73166e-07
4.55563e-15
6.09908e-07
1.05419e-12
3.16332e-15
2.5411e-10
2.89427e-11
1.15946e-12
5.21387e-15
1.11771e-05
5.45762e-07
5.54783e-07
2.76566e-17
1.64509e-06
6.51686e-16
5.51105e-07
5.66163e-07
5.57421e-07
6.16226e-07
2.05938e-12
4.41018e-12
1.38494e-12
5.35962e-14
2.16725e-14
4.82658e-13
2.26823e-14
5.51105e-07
5.45762e-07
5.51105e-07
1.78992e-11
1.35081e-11
2.24262e-14
2.5937e-10
1.64509e-06
1.52467e-10
2.7529e-12
5.51105e-07
9.24779e-06
2.63545e-14
3.91428e-16
2.89427e-11
2.41345e-13
5.95307e-07
1.84353e-14
6.01406e-07
5.54783e-07
2.37346e-16
6.13941e-07
4.60923e-12
2.38432e-14
1.83113e-14
6.26124e-15
5.57421e-07
5.57421e-07
6.17501e-12
1.7421e-11
6.43752e-10
1.17113e-09
3.28646e-05
4.26659e-13
2.39039e-13
1.3572e-15
5.18353e-14
5.68152e-07
2.7948e-12
1.8055e-08
5.57421e-07
6.29875e-08
9.10352e-07
8.5739e-15
5.92894e-07
5.57421e-07
5.95307e-07
1.06613e-06
1.21566e-11
5.9078e-07
5.57421e-07
6.11188e-07
8.34822e-06
2.37668e-09
8.64724e-07
1.06644e-12
1.9074e-12
2.66371e-06
5.0233e-06
2.83315e-15
5.45762e-07
4.67711e-15
1.45131e-11
5.2415e-07
1.33173e-05
1.54975e-13
1.41892e-14
3.79011e-15
7.54041e-12
1.18931e-10
4.49374e-07
3.44079e-14
5.37581e-07
6.43679e-15
5.75559e-07
2.36522e-12
1.52427e-06
2.34396e-15
5.63695e-07
6.41363e-07
1.94213e-13
7.93841e-07
9.87772e-16
1.94407e-14
1.39307e-16
2.94711e-15
5.37581e-07
1.0108e-05
3.19916e-07
1.56462e-14
5.45762e-07
5.51105e-07
4.19785e-10
1.69989e-12
1.88193e-15
1.11613e-14
5.37581e-07
5.45762e-07
4.49374e-07
5.51105e-07
9.12572e-06
2.83829e-15
6.22285e-07
1.74648e-06
9.43052e-17
6.44432e-15
6.41363e-07
5.51105e-07
2.17707e-14
4.63886e-11
2.65746e-13
9.12572e-06
3.54098e-10
5.37581e-07
1.82084e-15
6.06918e-07
6.67124e-07
2.42687e-11
6.48618e-07
1.13141e-13
9.12046e-06
5.95307e-07
3.5361e-05
1.06833e-09
1.44449e-09
5.65234e-07
1.75382e-12
8.49162e-13
5.45762e-07
1.08682e-06
1.44807e-10
3.63178e-16
7.02498e-06
3.47552e-10
6.06192e-15
4.49374e-07
2.40864e-13
5.37581e-07
4.57342e-15
5.2415e-07
1.06404e-15
2.56458e-12
1.49393e-06
3.19916e-07
2.29347e-13
5.80738e-07
5.54844e-15
3.61533e-12
6.06918e-07
5.76282e-07
7.67761e-07
2.96782e-12
1.09927e-15
1.61365e-10
1.28355e-11
1.0269e-05
1.58027e-13
1.32058e-06
5.45762e-07
6.67124e-07
8.326e-13
6.26622e-15
7.10177e-07
4.00013e-13
1.48464e-12
5.54651e-15
1.81637e-14
5.79311e-07
2.40975e-10
6.04031e-15
5.45762e-07
2.39831e-13
1.63175e-15
5.45762e-07
1.68646e-13
5.45762e-07
3.63306e-16
5.6481e-07
1.30859e-06
1.57434e-15
4.99868e-07
8.282e-17
8.44114e-15
1.4298e-14
1.70497e-15
2.77873e-14
1.12669e-14
3.40489e-14
5.37581e-07
6.22285e-07
2.72487e-13
4.04419e-15
5.51105e-07
1.35504e-14
9.58883e-06
1.07235e-12
3.77471e-15
6.0759e-15
5.65899e-07
6.25329e-07
1.9338e-06
7.9575e-15
9.23995e-06
3.43882e-14
1.6796e-05
6.71716e-05
6.57138e-07
5.94629e-14
1.18639e-14
5.58184e-15
9.30571e-06
2.91832e-06
5.54783e-07
1.49812e-09
5.57421e-07
2.55065e-09
6.48618e-07
1.14205e-06
5.97384e-07
2.48194e-10
1.69923e-10
1.1607e-09
8.30353e-12
1.69834e-12
8.85113e-07
7.67293e-11
2.54567e-14
7.46049e-07
1.47286e-12
3.47113e-15
2.35036e-06
1.98486e-15
3.5058e-15
2.7191e-10
3.91439e-16
6.76365e-13
6.12934e-06
3.54631e-15
4.49374e-07
1.48678e-15
7.2777e-07
4.99868e-07
1.46645e-16
4.24325e-06
9.76483e-10
1.29929e-12
2.24581e-16
5.01873e-06
5.00328e-12
1.43025e-14
5.85196e-15
4.49374e-07
2.34059e-10
1.22617e-08
5.66163e-07
1.87098e-05
4.5614e-13
2.37251e-13
2.36484e-11
4.89277e-13
0.000110746
3.88532e-14
9.27602e-07
1.73973e-15
3.60828e-14
3.45061e-15
3.91439e-16
2.25101e-16
2.83032e-12
1.51303e-14
4.11134e-16
1.88215e-05
3.53933e-15
8.50086e-15
2.05536e-15
3.20225e-05
3.63818e-12
3.61785e-15
5.77128e-07
1.4731e-14
1.47014e-11
1.77544e-11
5.49384e-15
7.43225e-13
1.38584e-16
6.77839e-16
2.03815e-15
5.26214e-12
5.51105e-07
3.29912e-12
5.97384e-07
3.73199e-13
1.18836e-12
8.99569e-07
6.10943e-14
2.95472e-05
5.51105e-07
3.51547e-11
1.63125e-08
1.04653e-05
3.15904e-12
6.41289e-07
1.31193e-05
1.32473e-05
5.51105e-07
5.68302e-07
1.33004e-05
5.59377e-07
6.00312e-05
3.49255e-14
4.72293e-09
5.71052e-13
8.85113e-07
9.75369e-11
2.97408e-14
7.46049e-07
3.14268e-08
3.13349e-15
7.99739e-09
2.12857e-14
7.10869e-15
4.0248e-11
4.72751e-15
1.62999e-11
5.79311e-07
4.91026e-16
4.49374e-07
5.3945e-14
7.2777e-07
4.99868e-07
5.86541e-16
4.24472e-06
7.82753e-10
4.10505e-13
2.42105e-15
8.21535e-06
2.35765e-12
4.32148e-15
6.19797e-15
4.49374e-07
3.19067e-13
2.1126e-08
5.66163e-07
2.36866e-05
1.10134e-14
9.43618e-15
2.08002e-08
1.44451e-12
6.16226e-07
2.55068e-15
9.27602e-07
2.34984e-15
9.78735e-15
3.5122e-14
2.79828e-16
2.41113e-15
2.27043e-12
6.14996e-15
1.2269e-15
1.88215e-05
3.54051e-15
3.34282e-15
1.23981e-15
5.19364e-05
8.94027e-13
4.94953e-16
5.77128e-07
2.9253e-14
1.65356e-13
1.35099e-11
1.6062e-13
1.0392e-14
7.26265e-16
3.91428e-16
3.95616e-15
1.60465e-12
5.51105e-07
8.63791e-14
5.97384e-07
1.6999e-11
2.33397e-12
8.99569e-07
9.61678e-14
0.001607
1.34704e-05
2.98512e-13
3.26131e-12
3.27576e-05
3.46328e-11
6.41289e-07
0.000245683
3.96247e-05
1.34704e-05
9.11212e-06
5.09263e-05
5.59377e-07
1.33126e-05
1.77392e-14
2.74218e-12
1.63099e-12
8.85113e-07
1.90448e-10
1.63546e-07
7.46049e-07
2.0665e-10
3.97534e-15
1.43341e-12
1.40073e-15
1.73023e-13
3.61509e-10
3.91439e-16
8.57935e-14
1.80962e-05
2.79829e-16
4.49374e-07
7.5983e-10
7.2777e-07
4.99868e-07
5.606e-16
6.78941e-07
8.7865e-10
2.17282e-13
1.73541e-16
3.19916e-07
1.47814e-05
2.12534e-12
5.867e-09
1.19448e-14
4.49374e-07
5.40587e-13
2.10014e-08
5.66163e-07
3.28695e-05
5.1901e-14
1.19192e-14
4.44737e-09
4.53822e-13
6.16226e-07
8.71582e-10
9.27602e-07
1.27167e-09
1.67031e-14
3.19916e-07
0.0211928
1.12259e-05
1.7331e-16
1.92696e-11
1.75486e-14
1.26916e-15
1.88215e-05
3.91439e-16
3.3149e-15
1.05667e-09
1.31385e-05
1.2959e-10
8.15184e-16
5.77128e-07
0.00845487
2.37584e-13
1.33993e-13
1.65072e-14
1.69271e-11
1.30408e-13
4.09861e-16
9.34705e-15
4.20387e-11
1.34704e-05
7.88754e-15
5.97384e-07
1.08995e-14
7.11665e-13
8.99569e-07
6.2325e-15
2.95472e-05
1.34704e-05
6.67041e-13
1.51273e-11
1.29278e-05
5.29196e-13
6.41289e-07
4.89542e-05
1.94733e-05
1.34704e-05
9.11212e-06
1.56758e-05
5.59377e-07
5.95307e-07
4.34907e-14
1.44951e-10
5.73531e-13
8.85113e-07
3.60091e-11
1.28118e-14
7.46049e-07
1.61658e-09
3.02569e-15
1.34316e-12
8.44076e-14
2.5861e-15
6.38678e-10
4.91078e-16
6.05386e-12
5.79311e-07
3.91439e-16
4.49374e-07
4.39642e-16
7.2777e-07
4.99868e-07
1.37814e-16
3.9655e-06
8.56219e-10
1.4753e-10
3.75161e-16
1.45702e-05
6.35112e-12
6.32033e-15
2.10416e-14
2.71928e-05
1.77242e-09
1.83356e-10
5.66163e-07
7.14461e-05
2.046e-12
8.46e-15
3.06104e-11
4.94418e-13
6.16226e-07
2.4516e-15
9.27602e-07
1.89526e-16
4.17382e-14
3.11088e-15
2.79822e-16
3.74847e-16
1.61394e-09
5.16634e-14
6.72079e-16
0.000331744
3.53933e-15
1.00703e-14
1.40913e-15
5.4634e-05
4.6933e-09
1.64071e-15
5.77128e-07
2.40116e-15
5.35094e-12
9.77875e-12
1.7291e-14
4.81137e-15
1.0365e-15
3.91428e-16
3.8515e-15
8.67032e-12
1.34704e-05
6.10725e-14
5.97384e-07
1.11841e-14
8.09308e-13
8.99569e-07
2.08091e-15
2.95472e-05
5.51105e-07
6.87043e-13
1.52542e-09
2.97934e-05
3.81389e-13
6.41289e-07
1.13837e-05
2.00992e-05
1.34704e-05
9.11212e-06
2.97934e-05
5.59377e-07
5.95307e-07
6.52387e-15
