7.84296e-09
5.73627e-13
8.85113e-07
1.76023e-10
1.40976e-14
7.46049e-07
1.65766e-09
2.18554e-15
5.54346e-11
2.22564e-15
7.17112e-15
4.73508e-12
3.91439e-16
1.99175e-13
5.79311e-07
3.91439e-16
4.49374e-07
1.80336e-15
7.2777e-07
4.99868e-07
1.13243e-13
6.78941e-07
2.5285e-12
9.88748e-12
1.32264e-15
7.861e-06
7.96442e-13
1.02716e-13
1.1955e-14
4.49374e-07
4.8772e-13
7.39885e-09
5.66163e-07
5.57421e-07
8.77119e-14
6.91709e-15
3.31734e-10
6.24209e-10
6.16226e-07
9.47611e-16
9.27602e-07
1.32911e-15
6.62107e-15
4.73987e-15
1.56806e-16
1.34919e-15
8.09782e-11
2.8692e-14
2.52511e-15
1.88215e-05
3.73543e-17
5.48969e-15
2.34639e-15
0.000851604
1.56061e-11
2.02e-15
5.77128e-07
3.17444e-15
1.54568e-11
1.35529e-11
1.38354e-14
6.99889e-15
1.12816e-13
3.91439e-16
3.80842e-14
3.32853e-13
5.51105e-07
4.01606e-14
5.97384e-07
7.00464e-15
4.29345e-12
8.99569e-07
1.43045e-14
2.95472e-05
1.67406e-05
4.53643e-09
3.73163e-11
6.01406e-07
3.74342e-09
6.41289e-07
6.01406e-07
5.57421e-07
1.34704e-05
9.11212e-06
6.01406e-07
0.0015444
1.68428e-05
1.16957e-14
1.0403e-10
5.7111e-13
8.85113e-07
1.16394e-11
1.2571e-13
7.46049e-07
9.81207e-10
1.86752e-14
1.14358e-10
1.87163e-14
2.33345e-14
1.43408e-10
4.91023e-16
1.24828e-12
5.79311e-07
3.53933e-15
6.23014e-05
2.07071e-15
7.2777e-07
4.99868e-07
3.41119e-16
4.39364e-06
7.081e-11
1.23393e-10
1.31855e-15
9.23995e-06
5.11558e-12
4.0456e-15
1.12257e-14
1.08399e-10
3.92139e-10
5.66163e-07
5.57421e-07
1.01017e-13
4.06988e-15
4.77904e-09
9.02631e-13
6.16226e-07
2.79668e-15
9.27602e-07
1.36364e-15
2.62487e-15
2.345e-14
3.91439e-16
1.36017e-15
4.91386e-12
4.55952e-14
1.92043e-13
1.88215e-05
3.91428e-16
7.57253e-15
3.53089e-15
1.31385e-05
9.1426e-13
5.69796e-15
5.77128e-07
2.78337e-14
1.83688e-13
9.34046e-14
3.82135e-15
1.22658e-15
2.43217e-16
3.91439e-16
3.79141e-15
1.17942e-12
5.51105e-07
3.2113e-14
5.97384e-07
1.12025e-14
2.0076e-12
8.99569e-07
2.59314e-15
2.95472e-05
5.51105e-07
1.79813e-12
1.08651e-10
6.01406e-07
9.64981e-12
6.41289e-07
6.01406e-07
5.57421e-07
5.51105e-07
5.68302e-07
6.01406e-07
9.26868e-06
5.95307e-07
2.7682e-15
